NDB_No,protein,fat,carbon
~19000~,0.19189034837235866,0.16322101656196458,0.6448886350656768
~19001~,0.05979683736516912,0.29919363284113515,0.6410095297936956
~19013~,0.011560693641618497,0.030982658959537574,0.9574566473988438
~19014~,0.0011248593925759281,0.03374578177727784,0.9651293588301463
~19018~,0.0,0.0,1.0
~19025~,0.09054096147855882,0.20953172048593083,0.6999273180355102
~19029~,0.03027494593759654,0.45412418906394814,0.5156008649984554
~19030~,0.0,0.00030712530712530717,0.9996928746928747
~19064~,0.0171650653136133,0.03573356364028932,0.9471013710460974
~19065~,0.04560008832946892,0.2973390747488131,0.657060836921718
~19067~,0.03533610945865556,0.020226055919095775,0.9444378346222486
~19068~,0.02212634140944795,0.0829737802854298,0.8948998783051223
~19069~,0.05555555555555556,0.19444444444444442,0.75
~19070~,0.00032006828123332977,0.03520751093566627,0.9644724207831004
~19071~,0.08507306889352818,0.32734864300626304,0.5875782881002087
~19074~,0.05128205128205127,0.0903010033444816,0.8584169453734671
~19075~,0.0678802500274153,0.2323719706108126,0.6997477793617721
~19076~,0.0171650653136133,0.03573356364028932,0.9471013710460974
~19077~,0.12604166666666666,0.496875,0.3770833333333334
~19078~,0.15065754865860073,0.5503419253024724,0.2990005260389269
~19079~,0.06063423200082636,0.278896808180973,0.6604689598182005
~19080~,0.04281345565749236,0.30581039755351686,0.6513761467889908
~19081~,0.03959390862944162,0.3472081218274112,0.6131979695431472
~19083~,0.023939064200217627,0.10119695321001088,0.8748639825897715
~19084~,0.12475247524752475,0.3869723814486712,0.48827514330380406
~19085~,0.02236908998474835,0.2953736654804271,0.6822572445348246
~19086~,0.19267214150347442,0.31375026321330807,0.49357759528321754
~19087~,0.06039094650205761,0.3301440329218107,0.6094650205761317
~19088~,0.12234450985410801,0.12362426414128487,0.7540312260046071
~19089~,0.08335317932841153,0.38580614432007626,0.5308406763515123
~19090~,0.10432569974554708,0.33078880407124683,0.5648854961832062
~19091~,0.02423907028223575,0.07935805201992253,0.8964028776978418
~19092~,0.02728027517494959,0.031313011505159534,0.9414067133198909
~19093~,0.0876506334328973,0.31486249871253474,0.5974868678545678
~19094~,0.14454371410338226,0.12858966177409062,0.7268666241225271
~19095~,0.09186351706036745,0.2887139107611548,0.6194225721784777
~19096~,0.1672354948805461,0.08873720136518772,0.7440273037542662
~19097~,0.032835820895522394,0.05970149253731343,0.9074626865671641
~19098~,0.09199497066219614,0.251257334450964,0.6567476948868399
~19099~,0.0,0.00021459227467811158,0.999785407725322
~19100~,0.02670391061452514,0.11631284916201118,0.8569832402234637
~19101~,0.047889787885414384,0.20697572709381148,0.7451344850207741
~19102~,0.04289605083976395,0.07478438492964139,0.8823195642305945
~19103~,0.011844331641285956,0.06147772137619853,0.9266779469825155
~19104~,0.03285870755750274,0.14994523548740415,0.8171960569550931
~19105~,0.10031023784901758,0.35160289555325747,0.5480868665977249
~19106~,0.0,0.0,1.0
~19107~,0.0,0.0020366598778004076,0.9979633401221996
~19108~,0.0,0.0005341880341880342,0.999465811965812
~19109~,0.06705118961788031,0.26768977237614583,0.6652590380059739
~19110~,0.0678695919622719,0.27250358827147836,0.6596268197662498
~19111~,0.05882352941176471,0.23529411764705885,0.7058823529411765
~19112~,0.030461684911946695,0.02760590195145169,0.9419324131366017
~19113~,0.0,0.0012410369553226693,0.9987589630446773
~19114~,0.13196093956188967,0.18975983108999736,0.6782792293481129
~19115~,0.08635394456289977,0.24520255863539442,0.6684434968017057
~19116~,0.021608643457382955,0.0024009603841536617,0.9759903961584634
~19117~,0.13216931216931216,0.22772486772486772,0.6401058201058202
~19118~,0.08004158004158005,0.23908523908523907,0.6808731808731808
~19119~,0.07861635220125786,0.2882599580712788,0.6331236897274632
~19120~,0.07910247130596629,0.30669010443594247,0.6142074242580912
~19121~,0.1140495867768595,0.07024793388429752,0.815702479338843
~19122~,0.12575888985255854,0.07502168256721596,0.7992194275802256
~19123~,0.13146911519198665,0.08013355592654424,0.7883973288814691
~19124~,0.03766556291390728,0.1613203642384106,0.8010140728476821
~19125~,0.05548717948717949,0.3049230769230769,0.6395897435897436
~19126~,0.13603322949117339,0.347871235721703,0.5160955347871236
~19127~,0.04696449026345933,0.1695303550973654,0.7835051546391752
~19128~,0.0,0.0,1.0
~19129~,0.0,0.0,1.0
~19130~,0.1333056046584174,0.39991681397525214,0.46677758136633046
~19132~,0.09297520661157026,0.35537190082644626,0.5516528925619835
~19134~,0.07902358295407529,0.30378568473314027,0.6171907323127844
~19135~,0.04339357212422898,0.18645168271832055,0.7701547451574505
~19136~,0.032191710377455524,0.3123521546847681,0.6554561349377764
~19137~,0.0030030030030030034,0.0015015015015015017,0.9954954954954955
~19138~,0.07318797878609311,0.397878609310548,0.528933411903359
~19139~,0.045986535473847755,0.27084412221646814,0.6831693423096841
~19140~,0.09950093574547722,0.2716781035558328,0.6288209606986899
~19141~,0.044800827728918774,0.21862390067252974,0.7365752715985514
~19142~,0.05106571936056837,0.2952930728241563,0.6536412078152752
~19143~,0.10453104224199652,0.33967474685486343,0.55579421090314
~19144~,0.026939655172413795,0.20829741379310343,0.7647629310344828
~19145~,0.05102040816326531,0.2653061224489796,0.6836734693877551
~19146~,0.04951315516884193,0.24197223948622332,0.7085146053449347
~19147~,0.16045548654244307,0.3488612836438924,0.49068322981366463
~19148~,0.07741077819817978,0.1940893751917374,0.7284998466100828
~19149~,0.04761904761904762,0.18398268398268397,0.7683982683982683
~19150~,0.10652241755955477,0.3175907625091023,0.5758868199313429
~19151~,0.12833453496755587,0.25512411164898546,0.6165413533834586
~19152~,0.054065559812686244,0.22275436355896125,0.7231800766283525
~19153~,0.017937701396348014,0.12781954887218047,0.8542427497314716
~19154~,0.12184873949579833,0.3497899159663866,0.5283613445378151
~19155~,0.08106362364086554,0.2567553019700721,0.6621810743890623
~19156~,0.004496107029279526,0.09003180173264613,0.9054720912380743
~19157~,0.04951315516884193,0.24197223948622332,0.7085146053449347
~19159~,0.02792096219931272,0.13692010309278352,0.8351589347079038
~19160~,0.051924703891708966,0.26279610829103217,0.6852791878172588
~19161~,0.09563496197520574,0.3403479529117616,0.5640170851130326
~19162~,0.08467614533965245,0.2493944181147973,0.6659294365455504
~19163~,0.0,0.003092783505154639,0.9969072164948454
~19164~,0.05628365335771614,0.3291679366046937,0.6145484100375902
~19165~,0.21491228070175442,0.15021929824561406,0.6348684210526316
~19166~,0.2022346368715084,0.14636871508379887,0.6513966480446927
~19168~,0.24368932038834948,0.22233009708737864,0.5339805825242718
~19169~,0.07180020811654528,0.06659729448491156,0.8616024973985432
~19170~,0.1559202813599062,0.15631105900742476,0.687768659632669
~19171~,0.2222222222222222,0.1111111111111111,0.6666666666666666
~19172~,0.07934893184130214,0.0,0.9206510681586979
~19173~,0.07916937053861128,0.0,0.9208306294613887
~19175~,0.1634334584897789,0.0,0.836566541510221
~19176~,0.16435643564356436,0.0,0.8356435643564356
~19177~,0.9988331388564762,0.0011668611435239208,0.0
~19181~,0.019616486665197268,0.08067004628609215,0.8997134670487107
~19182~,0.11433305716652857,0.44186688760011045,0.44380005523336097
~19183~,0.07037037037037036,0.15488215488215484,0.7747474747474747
~19184~,0.024972855591748097,0.02062975027144408,0.9543973941368078
~19185~,0.124,0.124,0.752
~19186~,0.048584119933370355,0.0952248750694059,0.8561910049972239
~19187~,0.0,0.0,1.0
~19188~,0.027659574468085108,0.022340425531914895,0.95
~19189~,0.12177263969171483,0.1213872832369942,0.7568400770712909
~19190~,0.13067729083665336,0.08207171314741035,0.7872509960159363
~19191~,0.11885245901639345,0.0942622950819672,0.7868852459016393
~19193~,0.13588557004627683,0.09045014724442574,0.7736642827092974
~19194~,0.028723404255319152,0.0010638297872340426,0.9702127659574469
~19195~,0.12149532710280374,0.10542056074766354,0.7730841121495327
~19198~,0.0010582010582010583,0.0010582010582010583,0.9978835978835978
~19199~,0.11287758346581875,0.11486486486486487,0.7722575516693163
~19201~,0.052102048149478976,0.13582464965864174,0.8120733021918792
~19202~,0.0,0.006417112299465241,0.9935828877005348
~19203~,0.10671936758893283,0.11462450592885376,0.7786561264822135
~19204~,0.11187677340899878,0.06931495743818403,0.8188082691528172
~19205~,0.16809116809116809,0.11518111518111518,0.7167277167277167
~19206~,0.003184713375796178,0.004246284501061571,0.9925690021231423
~19207~,0.11372867587327375,0.11779041429731925,0.768480909829407
~19208~,0.12786630392537895,0.06335017489312088,0.8087835211815002
~19209~,0.11945250933222729,0.06926586478639568,0.811281625881377
~19212~,0.12672413793103446,0.07456896551724138,0.7987068965517241
~19213~,0.17261587639850823,0.10974960042621203,0.7176345231752796
~19214~,0.1782178217821782,0.1030867792661619,0.7186953989516598
~19216~,0.037166347561662344,0.2916995157112287,0.6711341367271089
~19217~,0.07352941176470588,0.014705882352941178,0.911764705882353
~19218~,0.07085755813953487,0.14098837209302323,0.7881540697674418
~19219~,0.13247863247863248,0.10683760683760685,0.7606837606837608
~19220~,0.024691358024691357,0.033950617283950615,0.941358024691358
~19221~,0.1609657947686117,0.16800804828973842,0.6710261569416499
~19222~,0.0,0.0,1.0
~19223~,0.16548334243582738,0.16766794101583832,0.6668487165483342
~19225~,0.0478468899521531,0.004784688995215311,0.9473684210526315
~19226~,0.013431013431013432,0.2148962148962149,0.7716727716727717
~19227~,0.01918158567774936,0.3069053708439898,0.6739130434782609
~19228~,0.0011803588290840417,0.2042020774315392,0.7946175637393768
~19230~,0.0,0.19293865905848787,0.807061340941512
~19231~,0.1270718232044199,0.07309817254568635,0.7998300042498937
~19232~,0.11977263499796997,0.1218026796589525,0.7584246853430776
~19233~,0.09107303877366997,0.0,0.9089269612263301
~19234~,0.062337662337662345,0.015151515151515152,0.9225108225108225
~19235~,0.08354978354978354,0.012987012987012986,0.9034632034632034
~19236~,0.1004011932928711,0.3675547783149882,0.5320440283921407
~19238~,0.11767147452526719,0.30974369617100755,0.5725848293037252
~19239~,0.11729229489445772,0.3336799417697827,0.5490277633357595
~19240~,0.013197969543147208,0.05279187817258883,0.934010152284264
~19241~,0.012911480749098524,0.15191345818308713,0.8351750610678144
~19243~,0.04032340599733906,0.3109200695936956,0.6487565244089653
~19244~,0.0030303030303030303,0.0494949494949495,0.9474747474747475
~19246~,0.023662551440329214,0.0,0.9763374485596709
~19247~,0.0234009360374415,0.0,0.9765990639625586
~19248~,0.057160417947141974,0.3534111862323294,0.5894283958205285
~19249~,0.09901298701298701,0.32561038961038963,0.5753766233766234
~19250~,0.06385591485878019,0.28489562013917313,0.6512484650020467
~19252~,0.09244235695986336,0.25,0.6575576430401366
~19254~,0.060960591133004935,0.3255336617405583,0.6135057471264368
~19255~,0.053483099752679314,0.33439818631492174,0.612118713932399
~19256~,0.04655209919512726,0.20850554709593216,0.7449423537089406
~19258~,0.04161220043572984,0.2224400871459695,0.7359477124183006
~19260~,0.12088915956151035,0.226857490864799,0.6522533495736906
~19263~,0.05581395348837209,0.004651162790697674,0.9395348837209302
~19265~,0.09814250069309675,0.15913501524812865,0.7427224840587746
~19268~,0.07696254489481785,0.3078501795792714,0.6151872755259107
~19270~,0.08837209302325581,0.2558139534883721,0.6558139534883721
~19271~,0.08163265306122448,0.21428571428571427,0.7040816326530612
~19279~,0.07731636060100167,0.34620200333889817,0.5764816360601002
~19280~,0.012121212121212121,0.0,0.9878787878787879
~19281~,0.002214022140221402,0.0014760147601476014,0.9963099630996309
~19283~,0.0,0.012326656394453005,0.987673343605547
~19292~,0.044583333333333336,0.20125,0.7541666666666668
~19293~,0.1183431952662722,0.16568047337278108,0.7159763313609467
~19294~,0.009036144578313254,0.006950880444856348,0.9840129749768305
~19295~,0.16034065818525917,0.380822205866891,0.45883713594784986
~19296~,0.003627569528415961,0.0,0.9963724304715841
~19297~,0.0053391053391053395,0.0010101010101010103,0.9936507936507937
~19300~,0.0021391899600684537,0.0002852253280091272,0.9975755847119224
~19301~,0.03520208604954368,0.22935680139069972,0.7354411125597566
~19302~,0.05839731804909701,0.24224072672218017,0.6993619552287229
~19303~,0.0045045045045045045,0.0,0.9954954954954955
~19304~,0.0,0.0013363624214887079,0.9986636375785114
~19306~,0.07726388588718393,0.26280527339528853,0.6599308407175276
~19307~,0.035426731078905,0.19323671497584544,0.7713365539452496
~19308~,0.027641408751334046,0.16189967982924228,0.8104589114194237
~19309~,0.0044956140350877185,0.09166666666666666,0.9038377192982456
~19310~,0.0032967032967032967,0.0032967032967032967,0.9934065934065934
~19312~,0.0038022813688212928,0.0038022813688212928,0.9923954372623575
~19313~,0.004481853957149103,0.09083952776563184,0.9046786182772191
~19314~,0.0130098452883263,0.0024613220815752463,0.9845288326300984
~19315~,0.004436860068259386,0.08850967007963595,0.9070534698521047
~19318~,0.0,0.006430868167202572,0.9935691318327975
~19319~,0.10405083399523432,0.11119936457505956,0.7847498014297062
~19320~,0.0,0.004282655246252677,0.9957173447537473
~19321~,0.11383464894058995,0.12006647278770254,0.7660988782717075
~19322~,0.009533898305084745,0.1059322033898305,0.8845338983050847
~19323~,0.11372549019607843,0.13725490196078433,0.7490196078431373
~19324~,0.010615711252653927,0.12059447983014861,0.8687898089171975
~19325~,0.12244897959183673,0.15510204081632653,0.7224489795918367
~19326~,0.059225280326197755,0.29867482161060144,0.6420998980632009
~19327~,0.06656184486373165,0.30062893081761005,0.6328092243186583
~19328~,0.08507772020725389,0.27181347150259066,0.6431088082901555
~19330~,0.0,0.007284079084287199,0.9927159209157128
~19331~,0.10505836575875487,0.11284046692607003,0.7821011673151751
~19332~,0.0010822510822510825,0.005411255411255412,0.9935064935064936
~19333~,0.025028879476318832,0.04312668463611861,0.9318444358875626
~19334~,0.0012218714998472658,0.0,0.9987781285001527
~19335~,0.0,0.0,1.0
~19336~,0.0,0.0,1.0
~19337~,0.02378082191780822,0.0,0.9762191780821917
~19340~,0.0010964912280701754,0.0021929824561403508,0.9967105263157895
~19345~,0.037909558624424584,0.026265908475494176,0.9358245329000813
~19348~,0.06020942408376963,0.11649214659685864,0.8232984293193717
~19349~,0.0,0.0,1.0
~19350~,0.0,0.0025977399662293803,0.9974022600337706
~19351~,0.0,0.0,1.0
~19352~,0.08,0.0,0.9199999999999999
~19353~,0.0005957700327673518,0.0008936550491510277,0.9985105749180817
~19355~,0.0,0.0,1.0
~19359~,0.07290891699436709,0.2591136146242959,0.667977468381337
~19360~,0.0,0.001434720229555237,0.9985652797704448
~19362~,0.0,0.0,1.0
~19363~,0.001995798319327731,0.044642857142857144,0.9533613445378152
~19364~,0.0207832360013741,0.0,0.9792167639986259
~19365~,0.009987515605493135,0.003745318352059925,0.986267166042447
~19366~,0.0015015015015015015,0.0015015015015015015,0.996996996996997
~19367~,0.053204067155355875,0.2601087727595176,0.6866871600851265
~19368~,0.001993704092339979,0.045540398740818465,0.9524658971668415
~19369~,0.0018907563025210086,0.04201680672268908,0.95609243697479
~19370~,0.0019928676316341514,0.04583595552758548,0.9521711768407803
~19371~,0.0038919413919413924,0.14583333333333334,0.8502747252747253
~19372~,0.012942699141075422,0.15142957995058243,0.8356277209083421
~19375~,0.005199716379106594,0.006263294729378398,0.988536988891515
~19379~,0.024813350900307417,0.1919191919191919,0.7832674571805006
~19382~,0.00031605562579013904,0.03508217446270544,0.9646017699115045
~19383~,0.010858534605236454,0.33235234422569515,0.6567891211690684
~19384~,0.014596925798960525,0.0006634966272254783,0.984739577573814
~19387~,0.0,0.09811320754716982,0.9018867924528301
~19393~,0.11461318051575932,0.17191977077363899,0.7134670487106017
~19409~,0.017580784944905285,0.08877058313730345,0.8936486319177912
~19701~,0.04316546762589928,0.3052415210688592,0.6515930113052415
~19702~,0.07934893184130214,0.0,0.9206510681586979
~19703~,0.6241534988713319,0.0,0.3758465011286682
~19704~,0.6241534988713319,0.0,0.3758465011286682
~19705~,0.0,0.047109207708779445,0.9528907922912205
~19706~,0.0,0.05353319057815845,0.9464668094218416
~19708~,0.0010881392818280742,0.01632208922742111,0.9825897714907509
~19709~,0.0010582010582010583,0.0010582010582010583,0.9978835978835978
~19710~,0.003198294243070362,0.011727078891257995,0.9850746268656716
~19719~,0.010719754977029095,0.0030627871362940273,0.9862174578866768
~19720~,0.0,0.001434720229555237,0.9985652797704448
~19856~,0.0,0.012048192771084338,0.9879518072289157
~19858~,0.10396091069757771,0.18640191288075683,0.7096371764216656
~19860~,0.18621148304145424,0.26280203945909997,0.5509864774994458
~19866~,0.02697337692666978,0.11116300794021484,0.8618636151331154
~19867~,0.12970469021424438,0.0,0.8702953097857556
~19868~,0.0,0.0,1.0
~19871~,0.1280977312390925,0.06527050610820245,0.8066317626527051
~19873~,0.0,0.0,1.0
~19874~,0.11886376172090457,0.05184776613348042,0.8292884721456151
~19875~,0.13936078318456663,0.13216239562338034,0.7284768211920529
~19876~,0.13238121395221095,0.15270530074155453,0.7149134853062347
~19877~,0.09164121077478476,0.061094140516523184,0.847264648708692
~19878~,0.13361823361823366,0.12393162393162394,0.7424501424501425
~19879~,0.11675379636544686,0.17649987552900173,0.7067463281055514
~19880~,0.1121101432986794,0.28940713683618996,0.5984827198651306
~19881~,0.1393188854489164,0.21826625386996906,0.6424148606811146
~19882~,0.11572327044025156,0.19496855345911948,0.6893081761006289
~19883~,0.1013203214695752,0.16303099885189437,0.7356486796785304
~19884~,0.1171455636248816,0.19766340385222608,0.6851910325228924
~19886~,0.07643431134367408,0.07662119230050457,0.8469444963558214
~19887~,0.07428571428571429,0.11142857142857142,0.8142857142857143
~19890~,0.11770031688546854,0.29425079221367134,0.5880488909008601
~19891~,0.21478463329452852,0.03550640279394645,0.7497089639115251
~19892~,0.08753993610223644,0.1488817891373802,0.7635782747603834
~19893~,0.12541410317084714,0.1722669190724089,0.702318977756744
~19894~,0.10733995584988962,0.059878587196467985,0.8327814569536424
~19895~,0.10257896261953056,0.16806722689075626,0.729353810489713
~19896~,0.09298209079550188,0.24167013744273222,0.665347771761766
~19897~,0.09824380165289257,0.3829545454545455,0.518801652892562
~19898~,0.0832020997375328,0.3333333333333333,0.5834645669291338
~19899~,0.08775981524249422,0.2933025404157044,0.6189376443418014
~19902~,0.05013870338025274,0.32138086920784953,0.6284804274118976
~19903~,0.0631905007743934,0.3955601445534332,0.5412493546721735
~19904~,0.08087624584717609,0.44258720930232565,0.47653654485049834
~19905~,0.052333950236479534,0.33107135513057784,0.6165946946329426
~19906~,0.0,0.0,1.0
~19907~,0.0,0.0,1.0
~19908~,0.0,0.0,1.0
~19909~,0.023724519175400208,0.0,0.9762754808245998
~19910~,0.09885892116182571,0.325103734439834,0.5760373443983402
~19911~,0.0,0.0,1.0
~19912~,0.001170198933818749,0.005850994669093746,0.9929788063970875
~19913~,0.07137506688068486,0.19614767255216692,0.7324772605671482
~19914~,0.06513565694543239,0.2931612640991769,0.6417030789553907
~19916~,0.15026178010471203,0.10628272251308898,0.7434554973821988
~19917~,0.05379814934366258,0.16139444803098774,0.7848074026253496
~19918~,0.0,0.0,1.0
~19919~,0.0009085746734809768,0.0,0.9990914253265191
~19920~,0.0,0.0,1.0
~19921~,0.0,0.0,1.0
~19922~,0.024868651488616465,0.3228254524226503,0.6523058960887332
~19923~,0.1471747700394218,0.2737625930792817,0.5790626368812967
~19924~,0.0,0.0,1.0
~42040~,0.0,0.0,1.0
~42063~,0.0,0.0,1.0
~42074~,0.15019948368927483,0.2370335601971368,0.6127669561135883
~42131~,0.09999999999999999,0.023255813953488372,0.8767441860465117
~42148~,0.10542700010376672,0.30424405935457094,0.5903289405416623
~42183~,0.07556935817805384,0.3447204968944099,0.5797101449275363
~42185~,0.17670682730923698,0.032128514056224904,0.7911646586345382
~42186~,0.10638297872340424,0.1276595744680851,0.7659574468085106
~42187~,0.10638297872340424,0.1276595744680851,0.7659574468085106
~42196~,0.034812880765883375,0.1903829416884247,0.7748041775456919
~42227~,0.07860945818979018,0.28980060549117864,0.6315899363190313
~42281~,0.055825242718446605,0.0060679611650485445,0.9381067961165049
~43026~,0.06254886630179828,0.0,0.9374511336982017
~43027~,0.01824212271973466,0.0,0.9817578772802653
~43028~,0.0055534987041836355,0.0055534987041836355,0.9888930025916327
~43031~,0.1042009432927498,0.2303389272787101,0.66546012942854
~43046~,0.03419242221994045,0.017147551083273437,0.9486600266967861
~43057~,0.0,0.0022650056625141564,0.9977349943374858
~43058~,0.0,0.0,1.0
~43059~,0.1327405185343904,0.4635740304263981,0.40368545103921144
~43060~,0.0,0.004201680672268907,0.995798319327731
~43098~,0.0632716049382716,0.012345679012345678,0.9243827160493827
~43158~,0.010438645197112715,0.0,0.9895613548028873
~43216~,0.0,0.0,1.0
~43269~,0.10766149223835754,0.15022533800701052,0.742113169754632
~43344~,0.0,0.002652519893899204,0.9973474801061007
~43346~,0.021123785382340513,0.0,0.9788762146176595
~43450~,0.052357965094689936,0.052357965094689936,0.8952840698106201
~43506~,0.07927927927927929,0.36396396396396397,0.5567567567567567
~43514~,0.0,0.0,1.0
~43541~,0.1137897782063645,0.40935390549662487,0.4768563162970106
~44018~,0.0,0.0,1.0
~44061~,0.06169965075669382,0.027939464493597202,0.9103608847497089
~44110~,0.006461339651087659,0.0006461339651087658,0.9928925263838037
~44158~,0.009113136252500554,0.004445432318292954,0.9864414314292065
~44258~,0.1152,0.03428571428571429,0.8505142857142858
~44259~,0.018235696375655343,0.001139731023478459,0.9806245726008662
~44260~,0.0093782563390066,0.010420284821118446,0.980201458839875
~90480~,0.0,0.0,1.0
